time: [0.0, 4.70972120471998, 6.126250316013854, 7.056635477316986, 7.73554276898013, 8.630748851426533, 8.659680949737453, 8.663489999745726, 10.760387963513624, 10.8307626738134, 11.860527833702928, 13.548197417078372, 13.579291222045086, 15.193800681303731, 16.410383734173166, 18.099327079547795, 18.734687371742986, 19.571486157011826, 20.48059542211033, 21.601186738558358, 21.786169233855034, 22.33549141193939, 24.225322414754963, 27.44237650581342, 28.118999100129937, 28.381983989982718, 29.234488504170226, 30.176727934443193, 31.07408715858724, 31.839667408377796, 32.43518447631721, 32.89314381780348, 33.44543885027797, 34.01323361421247, 35.07223030330584, 36.788214855741025, 38.70675147977598, 38.899433022841315, 40.00243558059351, 43.01382637790718, 43.098727793118066, 43.18105012124997, 44.279128716891734, 45.775441751221855, 46.37882380038113, 46.86328586336058, 47.7795712485021, 47.97558484988408, 48.5904154702218, 49.47017316488438]
doamin: 50
doamin length: [1000, 1000, 1000, 1000, 1000, 1000, 1000, 1000, 1000, 1000, 1000, 1000, 1000, 1000, 1000, 1000, 1000, 1000, 1000, 1000, 1000, 1000, 1000, 1000, 1000, 1000, 1000, 1000, 1000, 1000, 1000, 1000, 1000, 1000, 1000, 1000, 1000, 1000, 1000, 1000, 1000, 1000, 1000, 1000, 1000, 1000, 1000, 1000, 1000, 1000]
interpolation task: 
	10%: train: [0, 21, 30, 35, 49],
	     test: [1, 2, 3, 4, 5, 6, 7, 8, 9, 10, 11, 12, 13, 14, 15, 16, 17, 18, 19, 20, 22, 23, 24, 25, 26, 27, 28, 29, 31, 32, 33, 34, 36, 37, 38, 39, 40, 41, 42, 43, 44, 45, 46, 47, 48]
	20%: train: [0, 8, 11, 12, 14, 16, 18, 29, 41, 49],
	     test: [1, 2, 3, 4, 5, 6, 7, 9, 10, 13, 15, 17, 19, 20, 21, 22, 23, 24, 25, 26, 27, 28, 30, 31, 32, 33, 34, 35, 36, 37, 38, 39, 40, 42, 43, 44, 45, 46, 47, 48]
	30%: train: [0, 10, 11, 21, 26, 28, 29, 30, 33, 34, 35, 38, 46, 47, 49],
	     test: [1, 2, 3, 4, 5, 6, 7, 8, 9, 12, 13, 14, 15, 16, 17, 18, 19, 20, 22, 23, 24, 25, 27, 31, 32, 36, 37, 39, 40, 41, 42, 43, 44, 45, 48]
	40%: train: [0, 1, 2, 9, 13, 14, 18, 19, 20, 23, 25, 29, 30, 32, 38, 42, 43, 44, 46, 49],
	     test: [3, 4, 5, 6, 7, 8, 10, 11, 12, 15, 16, 17, 21, 22, 24, 26, 27, 28, 31, 33, 34, 35, 36, 37, 39, 40, 41, 45, 47, 48]
	50%: train: [0, 1, 2, 5, 6, 8, 10, 12, 14, 15, 17, 19, 21, 22, 24, 29, 32, 33, 34, 38, 41, 42, 45, 46, 49],
	     test: [3, 4, 7, 9, 11, 13, 16, 18, 20, 23, 25, 26, 27, 28, 30, 31, 35, 36, 37, 39, 40, 43, 44, 47, 48]
	60%: train: [0, 3, 4, 5, 6, 8, 9, 10, 13, 14, 15, 18, 19, 21, 23, 25, 26, 27, 29, 30, 32, 34, 35, 36, 37, 40, 41, 43, 45, 49],
	     test: [1, 2, 7, 11, 12, 16, 17, 20, 22, 24, 28, 31, 33, 38, 39, 42, 44, 46, 47, 48]
	70%: train: [0, 1, 6, 9, 11, 12, 13, 14, 16, 17, 18, 19, 20, 21, 24, 25, 26, 27, 29, 30, 31, 32, 34, 36, 37, 39, 40, 41, 42, 43, 44, 45, 46, 48, 49],
	     test: [2, 3, 4, 5, 7, 8, 10, 15, 22, 23, 28, 33, 35, 38, 47]
	80%: train: [0, 1, 2, 4, 7, 8, 9, 11, 12, 13, 14, 15, 16, 17, 18, 19, 20, 21, 22, 23, 24, 25, 26, 27, 28, 29, 31, 32, 33, 35, 36, 38, 39, 40, 42, 43, 44, 47, 48, 49],
	     test: [3, 5, 6, 10, 30, 34, 37, 41, 45, 46]
	90%: train: [0, 1, 2, 4, 5, 6, 7, 8, 9, 11, 12, 13, 14, 15, 16, 17, 18, 20, 21, 22, 23, 24, 25, 26, 27, 28, 30, 31, 32, 33, 34, 35, 36, 37, 38, 39, 40, 41, 42, 44, 45, 46, 47, 48, 49],
	     test: [3, 10, 19, 29, 43]
extrapolation task: 
	30%: train: [0, 1, 2, 3, 4, 5, 6, 7, 8, 9, 10, 11, 12, 13, 14],
	     test: [15, 16, 17, 18, 19, 20, 21, 22, 23, 24, 25, 26, 27, 28, 29, 30, 31, 32, 33, 34, 35, 36, 37, 38, 39, 40, 41, 42, 43, 44, 45, 46, 47, 48, 49]
	50%: train: [0, 1, 2, 3, 4, 5, 6, 7, 8, 9, 10, 11, 12, 13, 14, 15, 16, 17, 18, 19, 20, 21, 22, 23, 24],
	     test: [25, 26, 27, 28, 29, 30, 31, 32, 33, 34, 35, 36, 37, 38, 39, 40, 41, 42, 43, 44, 45, 46, 47, 48, 49]
	70%: train: [0, 1, 2, 3, 4, 5, 6, 7, 8, 9, 10, 11, 12, 13, 14, 15, 16, 17, 18, 19, 20, 21, 22, 23, 24, 25, 26, 27, 28, 29, 30, 31, 32, 33, 34],
	     test: [35, 36, 37, 38, 39, 40, 41, 42, 43, 44, 45, 46, 47, 48, 49]
