time: [0, 3, 5, 6, 7, 13, 15, 18, 20, 21, 24, 25, 26, 27, 28, 31, 33, 34, 36, 38, 39, 42, 45, 48, 49, 50, 51, 53, 54, 55, 59, 60, 64, 65, 68, 69, 70, 73, 74, 78]
doamin: 40
doamin length: [154, 272, 492, 154, 307, 704, 834, 406, 387, 222, 581, 748, 269, 233, 272, 367, 259, 313, 487, 336, 617, 478, 819, 234, 637, 602, 255, 404, 1197, 497, 777, 801, 532, 637, 634, 656, 458, 411, 508, 306]
interpolation task: 
	10%: train: [0, 13, 15, 39],
	     test: [1, 2, 3, 4, 5, 6, 7, 8, 9, 10, 11, 12, 14, 16, 17, 18, 19, 20, 21, 22, 23, 24, 25, 26, 27, 28, 29, 30, 31, 32, 33, 34, 35, 36, 37, 38]
	20%: train: [0, 3, 15, 24, 28, 30, 32, 39],
	     test: [1, 2, 4, 5, 6, 7, 8, 9, 10, 11, 12, 13, 14, 16, 17, 18, 19, 20, 21, 22, 23, 25, 26, 27, 29, 31, 33, 34, 35, 36, 37, 38]
	30%: train: [0, 2, 3, 4, 10, 11, 18, 19, 27, 32, 33, 39],
	     test: [1, 5, 6, 7, 8, 9, 12, 13, 14, 15, 16, 17, 20, 21, 22, 23, 24, 25, 26, 28, 29, 30, 31, 34, 35, 36, 37, 38]
	40%: train: [0, 1, 4, 6, 7, 10, 17, 19, 20, 21, 22, 24, 28, 30, 33, 39],
	     test: [2, 3, 5, 8, 9, 11, 12, 13, 14, 15, 16, 18, 23, 25, 26, 27, 29, 31, 32, 34, 35, 36, 37, 38]
	50%: train: [0, 4, 5, 8, 13, 14, 17, 18, 19, 20, 23, 25, 26, 27, 29, 31, 32, 37, 38, 39],
	     test: [1, 2, 3, 6, 7, 9, 10, 11, 12, 15, 16, 21, 22, 24, 28, 30, 33, 34, 35, 36]
	60%: train: [0, 4, 5, 7, 9, 10, 11, 12, 13, 14, 15, 16, 17, 19, 20, 22, 25, 26, 28, 29, 30, 32, 33, 39],
	     test: [1, 2, 3, 6, 8, 18, 21, 23, 24, 27, 31, 34, 35, 36, 37, 38]
	70%: train: [0, 1, 2, 5, 6, 7, 8, 10, 13, 14, 15, 16, 20, 21, 22, 23, 24, 25, 26, 27, 28, 29, 30, 31, 32, 33, 34, 39],
	     test: [3, 4, 9, 11, 12, 17, 18, 19, 35, 36, 37, 38]
	80%: train: [0, 1, 2, 3, 4, 6, 7, 10, 11, 12, 14, 15, 16, 17, 19, 20, 22, 23, 24, 26, 27, 28, 29, 30, 31, 32, 33, 34, 35, 37, 38, 39],
	     test: [5, 8, 9, 13, 18, 21, 25, 36]
	90%: train: [0, 1, 2, 3, 5, 6, 7, 9, 10, 11, 12, 13, 14, 15, 16, 17, 18, 19, 20, 21, 22, 23, 24, 25, 26, 27, 28, 29, 30, 31, 32, 33, 34, 36, 37, 39],
	     test: [4, 8, 35, 38]
extrapolation task: 
	30%: train: [0, 1, 2, 3, 4, 5, 6, 7, 8, 9, 10, 11],
	     test: [12, 13, 14, 15, 16, 17, 18, 19, 20, 21, 22, 23, 24, 25, 26, 27, 28, 29, 30, 31, 32, 33, 34, 35, 36, 37, 38, 39]
	50%: train: [0, 1, 2, 3, 4, 5, 6, 7, 8, 9, 10, 11, 12, 13, 14, 15, 16, 17, 18, 19],
	     test: [20, 21, 22, 23, 24, 25, 26, 27, 28, 29, 30, 31, 32, 33, 34, 35, 36, 37, 38, 39]
	70%: train: [0, 1, 2, 3, 4, 5, 6, 7, 8, 9, 10, 11, 12, 13, 14, 15, 16, 17, 18, 19, 20, 21, 22, 23, 24, 25, 26, 27],
	     test: [28, 29, 30, 31, 32, 33, 34, 35, 36, 37, 38, 39]
