time: [0, 5, 17, 26, 46, 58, 68, 73, 80, 81, 104, 111, 115, 135, 159, 169, 171, 172, 173, 179, 186, 187, 191, 193, 195, 196, 197, 199, 201, 205, 207, 209, 213, 214, 218, 220, 224, 232, 236, 237, 241, 243, 244, 245, 248, 252, 254, 255, 258, 259, 261, 263, 264, 266, 267, 273, 274, 275, 277, 281, 291, 295, 301, 303, 309, 316, 317, 322, 333, 336, 343, 350]
doamin: 72
doamin length: [61, 25, 21, 39, 61, 69, 15, 83, 37, 19, 45, 75, 109, 11, 35, 101, 128, 119, 53, 83, 57, 19, 25, 11, 27, 57, 109, 112, 31, 39, 57, 53, 39, 184, 179, 19, 3, 43, 52, 33, 131, 86, 15, 55, 49, 71, 3, 43, 75, 69, 41, 95, 37, 73, 75, 63, 95, 47, 57, 25, 59, 43, 23, 15, 77, 37, 37, 97, 45, 33, 63, 35]
interpolation task: 
	10%: train: [0, 20, 33, 35, 41, 42, 71],
	     test: [1, 2, 3, 4, 5, 6, 7, 8, 9, 10, 11, 12, 13, 14, 15, 16, 17, 18, 19, 21, 22, 23, 24, 25, 26, 27, 28, 29, 30, 31, 32, 34, 36, 37, 38, 39, 40, 43, 44, 45, 46, 47, 48, 49, 50, 51, 52, 53, 54, 55, 56, 57, 58, 59, 60, 61, 62, 63, 64, 65, 66, 67, 68, 69, 70]
	20%: train: [0, 8, 9, 10, 18, 33, 38, 43, 45, 54, 58, 63, 65, 71],
	     test: [1, 2, 3, 4, 5, 6, 7, 11, 12, 13, 14, 15, 16, 17, 19, 20, 21, 22, 23, 24, 25, 26, 27, 28, 29, 30, 31, 32, 34, 35, 36, 37, 39, 40, 41, 42, 44, 46, 47, 48, 49, 50, 51, 52, 53, 55, 56, 57, 59, 60, 61, 62, 64, 66, 67, 68, 69, 70]
	30%: train: [0, 2, 4, 6, 8, 11, 12, 21, 23, 26, 32, 34, 40, 41, 44, 45, 56, 59, 63, 68, 71],
	     test: [1, 3, 5, 7, 9, 10, 13, 14, 15, 16, 17, 18, 19, 20, 22, 24, 25, 27, 28, 29, 30, 31, 33, 35, 36, 37, 38, 39, 42, 43, 46, 47, 48, 49, 50, 51, 52, 53, 54, 55, 57, 58, 60, 61, 62, 64, 65, 66, 67, 69, 70]
	40%: train: [0, 5, 6, 7, 12, 15, 19, 21, 23, 26, 29, 31, 32, 33, 36, 40, 41, 42, 44, 45, 46, 47, 50, 52, 53, 54, 57, 71],
	     test: [1, 2, 3, 4, 8, 9, 10, 11, 13, 14, 16, 17, 18, 20, 22, 24, 25, 27, 28, 30, 34, 35, 37, 38, 39, 43, 48, 49, 51, 55, 56, 58, 59, 60, 61, 62, 63, 64, 65, 66, 67, 68, 69, 70]
	50%: train: [0, 1, 2, 7, 8, 13, 17, 20, 23, 24, 25, 26, 29, 31, 35, 39, 42, 43, 45, 48, 49, 50, 52, 54, 55, 56, 58, 60, 61, 62, 63, 64, 67, 69, 70, 71],
	     test: [3, 4, 5, 6, 9, 10, 11, 12, 14, 15, 16, 18, 19, 21, 22, 27, 28, 30, 32, 33, 34, 36, 37, 38, 40, 41, 44, 46, 47, 51, 53, 57, 59, 65, 66, 68]
	60%: train: [0, 2, 3, 4, 5, 8, 9, 10, 14, 15, 17, 19, 20, 21, 23, 26, 28, 29, 31, 32, 33, 35, 37, 38, 39, 41, 44, 45, 49, 51, 52, 54, 56, 57, 59, 60, 62, 63, 64, 66, 67, 69, 71],
	     test: [1, 6, 7, 11, 12, 13, 16, 18, 22, 24, 25, 27, 30, 34, 36, 40, 42, 43, 46, 47, 48, 50, 53, 55, 58, 61, 65, 68, 70]
	70%: train: [0, 2, 3, 5, 6, 8, 10, 11, 12, 13, 14, 15, 16, 17, 19, 20, 21, 24, 25, 26, 27, 29, 30, 33, 34, 36, 37, 40, 42, 43, 47, 49, 50, 51, 54, 55, 56, 57, 58, 59, 60, 61, 62, 63, 64, 65, 66, 68, 70, 71],
	     test: [1, 4, 7, 9, 18, 22, 23, 28, 31, 32, 35, 38, 39, 41, 44, 45, 46, 48, 52, 53, 67, 69]
	80%: train: [0, 2, 3, 4, 5, 6, 9, 10, 11, 12, 13, 14, 15, 16, 18, 19, 20, 21, 22, 23, 24, 25, 26, 27, 28, 29, 31, 32, 33, 34, 35, 36, 37, 39, 40, 41, 42, 43, 44, 45, 46, 47, 48, 49, 50, 51, 52, 59, 60, 61, 62, 63, 65, 68, 69, 70, 71],
	     test: [1, 7, 8, 17, 30, 38, 53, 54, 55, 56, 57, 58, 64, 66, 67]
	90%: train: [0, 1, 2, 3, 4, 5, 6, 7, 8, 9, 10, 11, 12, 13, 14, 15, 16, 17, 18, 19, 21, 22, 23, 24, 27, 29, 30, 31, 32, 34, 35, 36, 37, 38, 39, 40, 42, 43, 44, 45, 46, 47, 48, 49, 50, 51, 52, 53, 54, 55, 57, 58, 59, 60, 61, 62, 63, 64, 66, 67, 68, 69, 70, 71],
	     test: [20, 25, 26, 28, 33, 41, 56, 65]
extrapolation task: 
	30%: train: [0, 1, 2, 3, 4, 5, 6, 7, 8, 9, 10, 11, 12, 13, 14, 15, 16, 17, 18, 19, 20],
	     test: [21, 22, 23, 24, 25, 26, 27, 28, 29, 30, 31, 32, 33, 34, 35, 36, 37, 38, 39, 40, 41, 42, 43, 44, 45, 46, 47, 48, 49, 50, 51, 52, 53, 54, 55, 56, 57, 58, 59, 60, 61, 62, 63, 64, 65, 66, 67, 68, 69, 70, 71]
	50%: train: [0, 1, 2, 3, 4, 5, 6, 7, 8, 9, 10, 11, 12, 13, 14, 15, 16, 17, 18, 19, 20, 21, 22, 23, 24, 25, 26, 27, 28, 29, 30, 31, 32, 33, 34, 35],
	     test: [36, 37, 38, 39, 40, 41, 42, 43, 44, 45, 46, 47, 48, 49, 50, 51, 52, 53, 54, 55, 56, 57, 58, 59, 60, 61, 62, 63, 64, 65, 66, 67, 68, 69, 70, 71]
	70%: train: [0, 1, 2, 3, 4, 5, 6, 7, 8, 9, 10, 11, 12, 13, 14, 15, 16, 17, 18, 19, 20, 21, 22, 23, 24, 25, 26, 27, 28, 29, 30, 31, 32, 33, 34, 35, 36, 37, 38, 39, 40, 41, 42, 43, 44, 45, 46, 47, 48, 49],
	     test: [50, 51, 52, 53, 54, 55, 56, 57, 58, 59, 60, 61, 62, 63, 64, 65, 66, 67, 68, 69, 70, 71]
