time: [0.0, 1.1428571428571428, 2.0, 2.7142857142857144, 4.285714285714286, 47.714285714285715, 55.714285714285715, 95.28571428571429, 96.28571428571429, 98.0, 98.42857142857143, 99.28571428571429, 100.85714285714286, 101.57142857142857, 102.28571428571429, 103.0, 104.14285714285714, 104.85714285714286, 105.85714285714286, 106.85714285714286, 108.71428571428571, 146.85714285714286, 148.71428571428572, 149.28571428571428, 150.85714285714286, 151.57142857142858, 152.85714285714286, 153.85714285714286, 154.14285714285714, 155.0, 155.85714285714286, 157.14285714285714, 160.0, 197.57142857142858, 198.57142857142858, 200.42857142857142, 200.85714285714286, 202.0, 203.0, 204.0, 205.0, 206.0, 206.85714285714286, 207.42857142857142, 208.71428571428572, 209.28571428571428, 210.42857142857142, 211.0, 212.28571428571428, 212.85714285714286]
doamin: 50
doamin length: [51, 52, 52, 52, 51, 51, 51, 52, 51, 51, 52, 51, 52, 52, 52, 52, 52, 52, 51, 52, 52, 52, 53, 52, 53, 53, 52, 52, 52, 53, 52, 53, 52, 53, 52, 52, 52, 53, 52, 53, 53, 53, 52, 52, 52, 52, 52, 53, 52, 52]
interpolation task: 
	10%: train: [0, 20, 25, 32, 49],
	     test: [1, 2, 3, 4, 5, 6, 7, 8, 9, 10, 11, 12, 13, 14, 15, 16, 17, 18, 19, 21, 22, 23, 24, 26, 27, 28, 29, 30, 31, 33, 34, 35, 36, 37, 38, 39, 40, 41, 42, 43, 44, 45, 46, 47, 48]
	20%: train: [0, 14, 20, 23, 30, 32, 39, 43, 44, 49],
	     test: [1, 2, 3, 4, 5, 6, 7, 8, 9, 10, 11, 12, 13, 15, 16, 17, 18, 19, 21, 22, 24, 25, 26, 27, 28, 29, 31, 33, 34, 35, 36, 37, 38, 40, 41, 42, 45, 46, 47, 48]
	30%: train: [0, 2, 5, 11, 14, 16, 17, 19, 21, 28, 34, 42, 46, 47, 49],
	     test: [1, 3, 4, 6, 7, 8, 9, 10, 12, 13, 15, 18, 20, 22, 23, 24, 25, 26, 27, 29, 30, 31, 32, 33, 35, 36, 37, 38, 39, 40, 41, 43, 44, 45, 48]
	40%: train: [0, 2, 4, 5, 14, 17, 27, 28, 31, 32, 34, 36, 38, 39, 40, 41, 42, 44, 48, 49],
	     test: [1, 3, 6, 7, 8, 9, 10, 11, 12, 13, 15, 16, 18, 19, 20, 21, 22, 23, 24, 25, 26, 29, 30, 33, 35, 37, 43, 45, 46, 47]
	50%: train: [0, 1, 2, 3, 9, 10, 11, 13, 14, 22, 24, 25, 27, 29, 31, 32, 35, 37, 40, 41, 42, 43, 45, 48, 49],
	     test: [4, 5, 6, 7, 8, 12, 15, 16, 17, 18, 19, 20, 21, 23, 26, 28, 30, 33, 34, 36, 38, 39, 44, 46, 47]
	60%: train: [0, 3, 4, 6, 7, 10, 11, 14, 16, 18, 20, 22, 23, 26, 27, 29, 30, 31, 32, 33, 36, 39, 40, 41, 42, 43, 45, 47, 48, 49],
	     test: [1, 2, 5, 8, 9, 12, 13, 15, 17, 19, 21, 24, 25, 28, 34, 35, 37, 38, 44, 46]
	70%: train: [0, 1, 2, 3, 4, 5, 6, 7, 8, 10, 11, 12, 14, 15, 16, 17, 18, 19, 20, 23, 25, 26, 27, 28, 30, 31, 32, 33, 34, 35, 36, 39, 43, 46, 49],
	     test: [9, 13, 21, 22, 24, 29, 37, 38, 40, 41, 42, 44, 45, 47, 48]
	80%: train: [0, 1, 2, 3, 4, 5, 6, 7, 9, 10, 11, 15, 17, 19, 20, 22, 23, 24, 25, 26, 27, 28, 29, 30, 31, 32, 33, 34, 35, 36, 37, 38, 39, 41, 42, 44, 45, 46, 47, 49],
	     test: [8, 12, 13, 14, 16, 18, 21, 40, 43, 48]
	90%: train: [0, 2, 3, 4, 5, 6, 7, 8, 9, 10, 11, 12, 13, 14, 15, 16, 17, 19, 20, 21, 22, 23, 24, 25, 26, 27, 28, 29, 30, 31, 32, 33, 34, 36, 38, 39, 40, 41, 43, 44, 45, 46, 47, 48, 49],
	     test: [1, 18, 35, 37, 42]
extrapolation task: 
	30%: train: [0, 1, 2, 3, 4, 5, 6, 7, 8, 9, 10, 11, 12, 13, 14],
	     test: [15, 16, 17, 18, 19, 20, 21, 22, 23, 24, 25, 26, 27, 28, 29, 30, 31, 32, 33, 34, 35, 36, 37, 38, 39, 40, 41, 42, 43, 44, 45, 46, 47, 48, 49]
	50%: train: [0, 1, 2, 3, 4, 5, 6, 7, 8, 9, 10, 11, 12, 13, 14, 15, 16, 17, 18, 19, 20, 21, 22, 23, 24],
	     test: [25, 26, 27, 28, 29, 30, 31, 32, 33, 34, 35, 36, 37, 38, 39, 40, 41, 42, 43, 44, 45, 46, 47, 48, 49]
	70%: train: [0, 1, 2, 3, 4, 5, 6, 7, 8, 9, 10, 11, 12, 13, 14, 15, 16, 17, 18, 19, 20, 21, 22, 23, 24, 25, 26, 27, 28, 29, 30, 31, 32, 33, 34],
	     test: [35, 36, 37, 38, 39, 40, 41, 42, 43, 44, 45, 46, 47, 48, 49]
