time: [0, 89, 253, 348, 381, 399, 529, 533, 744, 765, 772, 811, 846, 852, 901, 936, 950, 1120, 1273, 1279, 1305, 1385, 1424, 1475, 1529, 1560, 1650, 1667, 1877, 1901, 1941, 1944, 1961, 2009, 2145, 2157, 2173, 2182, 2248, 2271]
doamin: 40
doamin length: [165, 169, 185, 188, 256, 267, 215, 231, 364, 311, 285, 331, 250, 250, 333, 324, 276, 401, 296, 312, 329, 434, 131, 445, 322, 394, 359, 415, 379, 399, 353, 364, 303, 292, 125, 116, 165, 213, 200, 185]
interpolation task: 
	10%: train: [0, 9, 26, 39],
	     test: [1, 2, 3, 4, 5, 6, 7, 8, 10, 11, 12, 13, 14, 15, 16, 17, 18, 19, 20, 21, 22, 23, 24, 25, 27, 28, 29, 30, 31, 32, 33, 34, 35, 36, 37, 38]
	20%: train: [0, 10, 15, 19, 26, 29, 34, 39],
	     test: [1, 2, 3, 4, 5, 6, 7, 8, 9, 11, 12, 13, 14, 16, 17, 18, 20, 21, 22, 23, 24, 25, 27, 28, 30, 31, 32, 33, 35, 36, 37, 38]
	30%: train: [0, 3, 7, 12, 13, 16, 21, 23, 25, 27, 29, 39],
	     test: [1, 2, 4, 5, 6, 8, 9, 10, 11, 14, 15, 17, 18, 19, 20, 22, 24, 26, 28, 30, 31, 32, 33, 34, 35, 36, 37, 38]
	40%: train: [0, 5, 7, 9, 10, 14, 19, 20, 23, 29, 30, 31, 32, 33, 36, 39],
	     test: [1, 2, 3, 4, 6, 8, 11, 12, 13, 15, 16, 17, 18, 21, 22, 24, 25, 26, 27, 28, 34, 35, 37, 38]
	50%: train: [0, 4, 8, 13, 14, 15, 16, 18, 19, 20, 21, 22, 24, 26, 29, 31, 34, 35, 38, 39],
	     test: [1, 2, 3, 5, 6, 7, 9, 10, 11, 12, 17, 23, 25, 27, 28, 30, 32, 33, 36, 37]
	60%: train: [0, 1, 2, 4, 5, 6, 7, 8, 12, 13, 15, 16, 17, 20, 21, 22, 23, 26, 27, 29, 30, 32, 34, 39],
	     test: [3, 9, 10, 11, 14, 18, 19, 24, 25, 28, 31, 33, 35, 36, 37, 38]
	70%: train: [0, 1, 2, 5, 6, 7, 8, 9, 10, 11, 12, 13, 15, 16, 17, 18, 19, 20, 21, 23, 24, 25, 27, 28, 32, 34, 38, 39],
	     test: [3, 4, 14, 22, 26, 29, 30, 31, 33, 35, 36, 37]
	80%: train: [0, 1, 3, 4, 5, 6, 7, 8, 9, 10, 11, 12, 13, 14, 15, 17, 18, 19, 21, 23, 24, 28, 29, 30, 32, 33, 34, 35, 36, 37, 38, 39],
	     test: [2, 16, 20, 22, 25, 26, 27, 31]
	90%: train: [0, 1, 2, 3, 4, 7, 8, 9, 10, 11, 12, 13, 14, 15, 16, 17, 19, 20, 21, 22, 23, 24, 25, 26, 27, 28, 30, 31, 32, 33, 34, 35, 36, 37, 38, 39],
	     test: [5, 6, 18, 29]
extrapolation task: 
	30%: train: [0, 1, 2, 3, 4, 5, 6, 7, 8, 9, 10, 11],
	     test: [12, 13, 14, 15, 16, 17, 18, 19, 20, 21, 22, 23, 24, 25, 26, 27, 28, 29, 30, 31, 32, 33, 34, 35, 36, 37, 38, 39]
	50%: train: [0, 1, 2, 3, 4, 5, 6, 7, 8, 9, 10, 11, 12, 13, 14, 15, 16, 17, 18, 19],
	     test: [20, 21, 22, 23, 24, 25, 26, 27, 28, 29, 30, 31, 32, 33, 34, 35, 36, 37, 38, 39]
	70%: train: [0, 1, 2, 3, 4, 5, 6, 7, 8, 9, 10, 11, 12, 13, 14, 15, 16, 17, 18, 19, 20, 21, 22, 23, 24, 25, 26, 27],
	     test: [28, 29, 30, 31, 32, 33, 34, 35, 36, 37, 38, 39]
