time: [0.0, 1.5414159803592786, 2.209185013025122, 2.702346747166018, 2.98063077409651, 5.68433366473407, 6.45342435121159, 9.37840298691966, 9.74991573086561, 10.085451533643308, 13.442930990214519, 15.08704942798446, 15.812735704775992, 15.870758165606752, 16.05266224445631, 17.493551148647597, 18.596772470548434, 19.187959772667863, 19.7418838185367, 20.960618396118235, 21.030082049421672, 21.4709960280973, 22.01102050770508, 22.734173069705516, 22.834006044528763, 24.399125836945533, 25.23197353088169, 26.414636463835993, 26.44183497485344, 29.6925378036841, 30.180576083360002, 30.250848333333018, 30.4975022505863, 30.629739130091437, 30.673535402047396, 31.657662526675058, 34.49737659783585, 35.42419196618347, 36.772383828722276, 36.862134456349644, 38.239577155652384, 38.54501262187514, 41.05085119341466, 41.21153429315709, 41.441936502687824, 44.36360993758538, 45.22363003240221, 46.56314651732597, 47.25659805348281, 47.337783025331746]
doamin: 50
doamin length: [1000, 1000, 1000, 1000, 1000, 1000, 1000, 1000, 1000, 1000, 1000, 1000, 1000, 1000, 1000, 1000, 1000, 1000, 1000, 1000, 1000, 1000, 1000, 1000, 1000, 1000, 1000, 1000, 1000, 1000, 1000, 1000, 1000, 1000, 1000, 1000, 1000, 1000, 1000, 1000, 1000, 1000, 1000, 1000, 1000, 1000, 1000, 1000, 1000, 1000]
interpolation task: 
	10%: train: [0, 11, 17, 35, 49],
	     test: [1, 2, 3, 4, 5, 6, 7, 8, 9, 10, 12, 13, 14, 15, 16, 18, 19, 20, 21, 22, 23, 24, 25, 26, 27, 28, 29, 30, 31, 32, 33, 34, 36, 37, 38, 39, 40, 41, 42, 43, 44, 45, 46, 47, 48]
	20%: train: [0, 18, 23, 25, 28, 42, 43, 44, 47, 49],
	     test: [1, 2, 3, 4, 5, 6, 7, 8, 9, 10, 11, 12, 13, 14, 15, 16, 17, 19, 20, 21, 22, 24, 26, 27, 29, 30, 31, 32, 33, 34, 35, 36, 37, 38, 39, 40, 41, 45, 46, 48]
	30%: train: [0, 1, 5, 9, 18, 21, 24, 28, 29, 30, 32, 33, 38, 42, 49],
	     test: [2, 3, 4, 6, 7, 8, 10, 11, 12, 13, 14, 15, 16, 17, 19, 20, 22, 23, 25, 26, 27, 31, 34, 35, 36, 37, 39, 40, 41, 43, 44, 45, 46, 47, 48]
	40%: train: [0, 4, 6, 8, 11, 22, 23, 26, 27, 28, 30, 32, 33, 38, 39, 40, 42, 44, 46, 49],
	     test: [1, 2, 3, 5, 7, 9, 10, 12, 13, 14, 15, 16, 17, 18, 19, 20, 21, 24, 25, 29, 31, 34, 35, 36, 37, 41, 43, 45, 47, 48]
	50%: train: [0, 3, 6, 7, 10, 11, 14, 15, 16, 19, 21, 23, 25, 26, 27, 31, 32, 34, 38, 40, 42, 43, 45, 46, 49],
	     test: [1, 2, 4, 5, 8, 9, 12, 13, 17, 18, 20, 22, 24, 28, 29, 30, 33, 35, 36, 37, 39, 41, 44, 47, 48]
	60%: train: [0, 1, 2, 4, 6, 7, 8, 9, 10, 15, 17, 18, 19, 20, 23, 24, 29, 32, 33, 34, 36, 37, 39, 40, 43, 44, 45, 47, 48, 49],
	     test: [3, 5, 11, 12, 13, 14, 16, 21, 22, 25, 26, 27, 28, 30, 31, 35, 38, 41, 42, 46]
	70%: train: [0, 1, 2, 4, 6, 7, 8, 9, 10, 13, 14, 15, 17, 18, 20, 22, 23, 24, 25, 26, 27, 28, 30, 33, 36, 37, 38, 39, 41, 42, 44, 45, 46, 47, 49],
	     test: [3, 5, 11, 12, 16, 19, 21, 29, 31, 32, 34, 35, 40, 43, 48]
	80%: train: [0, 5, 6, 7, 8, 9, 10, 11, 12, 13, 16, 17, 18, 19, 20, 21, 22, 23, 24, 25, 26, 27, 28, 30, 32, 33, 34, 35, 36, 37, 39, 40, 41, 42, 44, 45, 46, 47, 48, 49],
	     test: [1, 2, 3, 4, 14, 15, 29, 31, 38, 43]
	90%: train: [0, 1, 2, 3, 4, 5, 6, 8, 9, 10, 11, 12, 13, 14, 15, 16, 17, 18, 19, 20, 21, 22, 23, 24, 25, 26, 28, 29, 31, 32, 33, 34, 36, 37, 38, 39, 40, 41, 42, 43, 44, 45, 46, 47, 49],
	     test: [7, 27, 30, 35, 48]
extrapolation task: 
	30%: train: [0, 1, 2, 3, 4, 5, 6, 7, 8, 9, 10, 11, 12, 13, 14],
	     test: [15, 16, 17, 18, 19, 20, 21, 22, 23, 24, 25, 26, 27, 28, 29, 30, 31, 32, 33, 34, 35, 36, 37, 38, 39, 40, 41, 42, 43, 44, 45, 46, 47, 48, 49]
	50%: train: [0, 1, 2, 3, 4, 5, 6, 7, 8, 9, 10, 11, 12, 13, 14, 15, 16, 17, 18, 19, 20, 21, 22, 23, 24],
	     test: [25, 26, 27, 28, 29, 30, 31, 32, 33, 34, 35, 36, 37, 38, 39, 40, 41, 42, 43, 44, 45, 46, 47, 48, 49]
	70%: train: [0, 1, 2, 3, 4, 5, 6, 7, 8, 9, 10, 11, 12, 13, 14, 15, 16, 17, 18, 19, 20, 21, 22, 23, 24, 25, 26, 27, 28, 29, 30, 31, 32, 33, 34],
	     test: [35, 36, 37, 38, 39, 40, 41, 42, 43, 44, 45, 46, 47, 48, 49]
